%YAML:1.0
---
image_width: 1280
image_height: 720
K1: !!opencv-matrix
   rows: 3
   cols: 3
   dt: d
   data: [ 6.6858014595848601e+02, 0., 6.4635176699034014e+02, 0.,
       6.6632884282337920e+02, 3.6965059927782056e+02, 0., 0., 1. ]
D1: !!opencv-matrix
   rows: 1
   cols: 5
   dt: d
   data: [ 2.8487204577180122e-02, -9.5871227830546565e-02,
       -4.5800744259013112e-04, -1.0906568201913703e-03,
       7.5923319994690541e-02 ]
K2: !!opencv-matrix
   rows: 3
   cols: 3
   dt: d
   data: [ 6.6744579952082108e+02, 0., 6.4989226201169492e+02, 0.,
       6.6523337153657246e+02, 3.7243578870055097e+02, 0., 0., 1. ]
D2: !!opencv-matrix
   rows: 1
   cols: 5
   dt: d
   data: [ 1.1650339898641532e-02, -3.2355449147781705e-02,
       7.9511176855632496e-04, 2.3729239035292515e-04,
       2.7185429979464822e-02 ]
R: !!opencv-matrix
   rows: 3
   cols: 3
   dt: d
   data: [ 9.9995681129629144e-01, 4.2537481887624764e-04,
       -9.2841046103709669e-03, -4.1207082807161920e-04,
       9.9999888569844386e-01, 1.4348517356011471e-03,
       9.2847046148758980e-03, -1.4309640575399698e-03,
       9.9995587232741445e-01 ]
T: !!opencv-matrix
   rows: 3
   cols: 1
   dt: d
   data: [ -1.1895528889782732e-01, 3.6968624950613671e-04,
       -1.2733387241211829e-03 ]
Q: !!opencv-matrix
   rows: 4
   cols: 4
   dt: d
   data: [ 1., 0., 0., -6.3874651336669922e+02, 0., 1., 0.,
       -3.7066173171997070e+02, 0., 0., 0., 6.9141847695653269e+02, 0.,
       0., 8.4059977021213683e+00, 0. ]
